97.94115372152264 79.6179051264845 1
33.744529596605844 127.91027545051875 0
49.61799147944915 55.10254748712748 0
32.0502762089864 78.59442171031881 0
109.15960935780842 75.11621045063836 1
107.2477796181397 98.55638756327959 1
45.01378783397669 182.86273655539242 0
173.83626872994316 73.73918178122747 0
94.59946027308452 83.579397618524 1
53.254843640548884 122.28277249566383 0
107.60249280095722 90.24104312458053 1
99.46195235753123 104.05560731258544 1
39.928393584696146 92.05208868723183 0
24.21141900810227 131.36018638407188 0
97.54189425757119 114.72634237280823 1
74.23903910149583 128.55223718441107 1
175.39882382677706 39.67293003090117 0
136.03681281071474 104.61256254427612 1
44.15725404871767 54.23545608473193 0
6.243375516026973 79.91134454327887 0
106.24432027650897 152.45839825763113 0
92.09366402175371 104.11516079997415 1
99.37208972141882 114.31723334159707 1
145.95152953841716 62.874561995142024 1
91.10808074225874 79.86522769499274 1
55.79251481131439 94.60548375699521 1
127.90727663979757 156.0014470910444 1
48.52940661609187 44.16697136832459 0
161.30639373934002 78.33077312910308 0
164.32124359388013 37.495264703220066 0
113.60478121070508 107.9559526070466 1
118.92235281860786 102.43584603352187 1
124.41724977378999 96.12198401300495 1
82.6782295195909 141.29827570059442 1
83.53446320865234 73.19771556950757 1
56.93484908510124 141.73752334777322 0
118.55256121567949 95.39066579163152 1
42.02172391478556 70.80961085058374 0
117.75525745033889 63.51874934936278 1
142.05587461912893 103.94724528839664 1
96.93675529581289 39.53587189076082 0
100.38346786665791 17.487323560492086 0
136.64895017797676 10.564475892874682 0
86.8868042797605 111.75748932077336 1
27.08830376596464 144.25818773141089 0
102.79025210618761 104.02269518560072 1
112.27310151495865 69.49723024436919 1
90.95981436382941 193.1988064802275 0
111.12984847956385 19.713195690845026 0
33.812933847257 81.29691244056185 0
180 170 0
170 166 0
